[gd_scene load_steps=3 format=2]

[ext_resource path="res://crocodile/assets/head/CrocodileHead.glb" type="PackedScene" id=1]
[ext_resource path="res://crocodile/assets/head/Tooth.glb" type="PackedScene" id=2]

[node name="CrocodileHead" instance=ExtResource( 1 )]

[node name="croco" parent="Armature/Skeleton" index="0"]
transform = Transform( 1, 0, 0, 0, 1, 0, 0, 0, 1, -0.00303134, -0.0186413, 0.00577962 )

[node name="Tooth_1" parent="." index="2" instance=ExtResource( 2 )]
transform = Transform( 1.19249e-08, 0, -1, 0, 1, 0, 1, 0, 1.19249e-08, -0.297095, 0.0198567, 0.452438 )

[node name="Tooth_2" parent="." index="3" instance=ExtResource( 2 )]
transform = Transform( 1.19249e-08, 0, -1, 0, 1, 0, 1, 0, 1.19249e-08, -0.297, 0.02, 0.559525 )

[node name="Tooth_3" parent="." index="4" instance=ExtResource( 2 )]
transform = Transform( 1.19249e-08, 0, -1, 0, 1, 0, 1, 0, 1.19249e-08, -0.297, 0.02, 0.666 )

[node name="Tooth_4" parent="." index="5" instance=ExtResource( 2 )]
transform = Transform( 0.544639, 0, -0.838671, 0, 1, 0, 0.838671, 0, 0.544639, -0.28, 0.02, 0.772 )

[node name="Tooth_5" parent="." index="6" instance=ExtResource( 2 )]
transform = Transform( 0.982058, 0, -0.188581, 0, 1, 0, 0.188581, 0, 0.982058, -0.204634, 0.02, 0.845416 )

[node name="Tooth_6" parent="." index="7" instance=ExtResource( 2 )]
transform = Transform( 1, 0, 0, 0, 1, 0, 0, 0, 1, -0.108, 0.02, 0.853 )

[node name="Tooth_7" parent="." index="8" instance=ExtResource( 2 )]
transform = Transform( 1, 0, 0, 0, 1, 0, 0, 0, 1, -0.00273061, 0.02, 0.852 )

[node name="Tooth_8" parent="." index="9" instance=ExtResource( 2 )]
transform = Transform( 1, 0, 0, 0, 1, 0, 0, 0, 1, 0.101734, 0.02, 0.851 )

[node name="Tooth_9" parent="." index="10" instance=ExtResource( 2 )]
transform = Transform( 0.983331, 0, 0.181824, 0, 1, 0, -0.181824, 0, 0.983331, 0.198, 0.02, 0.847 )

[node name="Tooth_10" parent="." index="11" instance=ExtResource( 2 )]
transform = Transform( 0.553144, 0, 0.833085, 0, 1, 0, -0.833085, 0, 0.553144, 0.267638, 0.02, 0.769696 )

[node name="Tooth_11" parent="." index="12" instance=ExtResource( 2 )]
transform = Transform( -4.37114e-08, 0, 1, 0, 1, 0, -1, 0, -4.37114e-08, 0.29, 0.02, 0.666 )

[node name="Tooth_12" parent="." index="13" instance=ExtResource( 2 )]
transform = Transform( -4.37114e-08, 0, 1, 0, 1, 0, -1, 0, -4.37114e-08, 0.29, 0.02, 0.559475 )

[node name="Tooth_13" parent="." index="14" instance=ExtResource( 2 )]
transform = Transform( -4.37114e-08, 0, 1, 0, 1, 0, -1, 0, -4.37114e-08, 0.29, 0.02, 0.451 )
